32.0571,34.76771
32.05709,34.76772
32.05709,34.76771
32.05709,34.76771
32.05709,34.76769
32.05708,34.7677
32.05705,34.76772
32.05706,34.76773
32.09476,34.79728
32.09476,34.79728
32.09476,34.79738
32.09476,34.79738
32.09476,34.79737
32.09476,34.79737
32.09473,34.79734
32.09486,34.79729
32.09518,34.79722
32.09526,34.79709
32.09465,34.79479
32.09465,34.79476
32.09462,34.79467
32.09459,34.79461
32.09169,34.79515
32.0916,34.79518
32.09122,34.79538
32.09122,34.79538
32.08789,34.79916
32.08779,34.79913
32.08781,34.79913
32.08754,34.79904
32.08744,34.799
32.08352,34.79775
32.07272,34.79292
32.05896,34.78589
32.05896,34.78589
32.04283,34.78243
32.04111,34.77414
32.04204,34.77269
32.04206,34.77265
32.04406,34.76987
32.04405,34.76989
32.04406,34.76987
32.04406,34.76987
32.04406,34.76986
32.04407,34.76987
32.04407,34.76987
32.04407,34.76986
32.05597,34.81044
32.05597,34.81043
32.05598,34.81044
32.05598,34.81043
32.05597,34.81042
32.10846,34.82487
32.10844,34.82486
32.10844,34.82485
32.10843,34.82481
32.10842,34.82481
32.10842,34.82481
32.10843,34.82481
32.10843,34.82481
32.10843,34.8248
32.10843,34.8248
32.10843,34.8248
32.10843,34.8248
32.10843,34.8248
32.10843,34.8248
32.10844,34.8248
32.10843,34.8248
32.10843,34.82481
32.10843,34.8248
32.10844,34.8248
32.10843,34.8248
32.10843,34.82481
32.10843,34.82481
32.10843,34.82481
32.10843,34.8248
32.10843,34.8248
32.10843,34.8248
32.10843,34.8248
32.10843,34.8248
32.10843,34.8248
32.10843,34.8248
32.10843,34.8248
32.10843,34.8248
32.10843,34.8248
32.10843,34.82482
32.10843,34.8248
32.10841,34.82478
32.10843,34.8248
32.10844,34.82481
32.10844,34.82481
32.10844,34.82481
32.10843,34.82481
32.05211,34.78141
32.05211,34.78142
32.05209,34.78143
32.05209,34.78142
32.05211,34.78142
32.05213,34.7814
32.07046,34.77631
32.07045,34.7763
32.07046,34.77631
32.07047,34.77632
32.07049,34.77631
32.07049,34.77631
32.07049,34.77631
32.07049,34.77631
32.07049,34.77631
32.07044,34.77626
32.06985,34.77758
32.06978,34.77776
32.06967,34.77822
32.06967,34.77823
32.06962,34.77837
32.06959,34.77852
32.06962,34.77864
32.0697,34.77869
32.06973,34.77871
32.06993,34.77879
32.07014,34.78014
32.07014,34.78014
32.07014,34.78014
32.0701,34.78025
32.06931,34.78632
32.06927,34.78684
32.06927,34.78684
32.06925,34.78703
32.07168,34.78986
32.07311,34.79062
32.07318,34.79068
32.07327,34.79104
32.07327,34.79112
32.07326,34.79157
32.07325,34.79163
32.07276,34.7932
32.07272,34.79332
32.07266,34.79354
32.07103,34.79881
32.071,34.79892
32.071,34.79893
32.07097,34.79902
32.07097,34.79901
32.0709,34.79917
32.07091,34.79913
32.06776,34.79878
32.0676,34.79877
32.06715,34.79865
32.07939,34.78846
32.07938,34.78846
32.07939,34.78846
32.07938,34.78844
32.07937,34.78845
32.07936,34.78844
32.12555,34.80826
32.12555,34.80826
32.12556,34.80827
32.12554,34.80826
32.12554,34.80825
32.07226,34.7646
32.07226,34.7646
32.07224,34.7646
32.07224,34.76461
32.07223,34.76461
32.05848,34.80025
32.05846,34.80024
32.05847,34.80027
32.05845,34.80032
32.05845,34.80031
32.12529,34.79636
32.12528,34.79633
32.12525,34.79629
32.12518,34.79626
32.12526,34.79629
32.12526,34.79629
32.11044,34.82258
32.11045,34.82256
32.11044,34.82255
32.11046,34.82256
32.11045,34.8226
32.05597,34.81042
32.05597,34.81042
32.05596,34.81053
32.05587,34.81082
32.05596,34.81105
32.05793,34.81168
32.05804,34.8117
32.05823,34.81174
32.0588,34.81093
32.05883,34.8108
32.06077,34.8058
32.06077,34.8058
32.06103,34.80551
32.06116,34.80535
32.06558,34.80293
32.0704,34.80212
32.07042,34.80213
32.07048,34.80216
32.07057,34.80223
32.07083,34.80223
32.07265,34.80088
32.07265,34.80088
32.07281,34.80082
32.07334,34.80091
32.07335,34.80092
32.07335,34.80092
32.07341,34.80093
32.07688,34.80221
32.07708,34.80218
32.07793,34.80169
32.07972,34.79479
32.07817,34.79217
32.07812,34.79209
32.07802,34.79186
32.07796,34.7917
32.07727,34.78953
32.07727,34.78952
32.07723,34.7894
32.0781,34.78852
32.07821,34.78852
32.07865,34.78853
32.07865,34.78853
32.07955,34.78862
32.07955,34.78862
32.07965,34.78859
32.07967,34.78855
32.07949,34.78851
32.0793,34.78848
32.07936,34.78846
32.07936,34.78846
32.07936,34.78848
32.07936,34.78847
32.07936,34.78847
32.07936,34.78847
32.07939,34.78846
32.07938,34.78847
32.07937,34.78846
32.05087,34.74962
32.05088,34.74961
32.0509,34.74963
32.0509,34.74965
32.05089,34.74964
32.05088,34.74963
32.0746,34.79803
32.0746,34.79803
32.0746,34.79803
32.0746,34.79803
32.07463,34.7979
32.07638,34.79229
32.07638,34.79229
32.07647,34.7922
32.07817,34.79307
32.07817,34.79307
32.07831,34.79314
32.0809,34.79429
32.08231,34.79455
32.08246,34.79458
32.08272,34.79415
32.0827,34.79425
32.08327,34.79189
32.08329,34.7919
32.08329,34.7919
32.08329,34.7919
32.08329,34.7919
32.08329,34.7919
32.08329,34.79188
32.08329,34.79188
32.08329,34.79188
32.08329,34.79185
32.08329,34.79187
32.08328,34.79184
32.08328,34.79184
32.08328,34.79184
32.08328,34.79184
32.08326,34.7918
32.0832,34.79175
32.08321,34.79155
32.08349,34.78997
32.0835,34.78997
32.08352,34.78983
32.08312,34.79133
32.08312,34.79133
32.08308,34.79152
32.08241,34.79513
32.08241,34.79513
32.11332,34.8244
32.11331,34.82439
32.11331,34.82439
32.11331,34.8244
32.11331,34.8244
32.11338,34.82439
32.11414,34.82297
32.11421,34.82288
32.11587,34.82373
32.11587,34.82373
32.11596,34.82375
32.11688,34.82189
32.11697,34.82172
32.11808,34.81917
32.11832,34.81862
32.11836,34.81851
32.11883,34.81598
32.12094,34.8051
32.12094,34.8051
32.12073,34.79101
32.12285,34.79403
32.1231,34.79231
32.12092,34.79105
32.12291,34.79359
32.12293,34.79344
32.11879,34.79064
32.12311,34.79223
32.12091,34.79105
32.11808,34.78853
32.11785,34.78718
32.11785,34.78718
32.11785,34.78718
32.11786,34.78718
32.11786,34.78718
32.11786,34.78718
32.11786,34.78718
32.11785,34.78718
32.11785,34.78717
32.11786,34.78717
32.12539,34.83392
32.12539,34.83392
32.12539,34.83393
32.12538,34.83392
32.12538,34.83393
32.12539,34.83393
32.12555,34.80826
32.12555,34.80826
32.12555,34.80826
32.12554,34.80825
32.12554,34.80824
32.04193,34.77952
32.04194,34.77951
32.04193,34.77951
32.04194,34.77951
32.04194,34.77951
32.04193,34.7795
32.04193,34.7795
32.04193,34.7795
32.04188,34.77947
32.04127,34.77612
32.04134,34.77586
32.04153,34.77545
32.04106,34.7751
32.04106,34.77509
32.04099,34.77502
32.04257,34.77181
32.04257,34.77181
32.04257,34.77181
32.04265,34.77166
32.04443,34.7689
32.0482,34.76479
32.0482,34.76479
32.04823,34.76473
32.0482,34.76479
32.04823,34.76474
32.04829,34.76463
32.05145,34.76529
32.05154,34.76533
32.05191,34.76546
32.05326,34.76534
32.05338,34.7653
32.05591,34.76494
32.05583,34.76495
32.05773,34.76416
32.05773,34.76416
32.0578,34.76412
32.05697,34.76024
32.05698,34.76006
32.05696,34.76016
32.05802,34.76004
32.0581,34.76006
32.06127,34.76106
32.06263,34.7616
32.06263,34.7616
32.06263,34.7616
32.06273,34.76164
32.06568,34.76284
32.06578,34.76288
32.06647,34.76313
32.07242,34.76575
32.07558,34.76669
32.07559,34.76668
32.07559,34.76668
32.07559,34.76668
32.07559,34.76668
32.07561,34.76668
32.08704,34.77308
32.09137,34.7744
32.09137,34.7744
32.09692,34.77597
32.09707,34.77596
32.09699,34.77596
32.0951,34.77948
32.09549,34.78619
32.09673,34.79273
32.09673,34.79273
32.09623,34.79738
32.09524,34.79716
32.09509,34.79718
32.09478,34.79727
32.09478,34.79728
32.09478,34.79728
32.09478,34.79728
32.09475,34.7973
32.09475,34.79728
32.09475,34.79729
32.09475,34.79722
32.09478,34.79725
32.09478,34.7973
32.11683,34.81485
32.11682,34.81484
32.11681,34.81483
32.11682,34.81484
32.11682,34.81484
32.04098,34.75569
32.04098,34.7557
32.04096,34.7557
32.04096,34.75569
32.04097,34.75568
32.08067,34.77965
32.08065,34.77966
32.08067,34.77969
32.08068,34.77963
32.08068,34.77963
32.1253,34.79451
32.12531,34.79449
32.12533,34.79449
32.12532,34.7945
32.12532,34.79448
32.11186,34.81511
32.11186,34.81511
32.11186,34.81512
32.11183,34.81509
32.11187,34.81508
32.08888,34.77795
32.08889,34.77796
32.08887,34.7779
32.08887,34.77789
32.08887,34.77786
32.08887,34.77786
32.08887,34.77786
32.08887,34.77786
32.08887,34.77798
32.08784,34.78007
32.08765,34.77998
32.08743,34.77989
32.08738,34.77987
32.08707,34.77974
32.08611,34.77938
32.08598,34.77932
32.08591,34.77929
32.08318,34.77821
32.08305,34.77816
32.08245,34.77793
32.08231,34.77788
32.08126,34.77754
32.07656,34.77672
32.07655,34.77672
32.07655,34.77672
32.07641,34.7768
32.07494,34.77907
32.07462,34.77904
32.07444,34.77904
32.07468,34.77679
32.07511,34.77778
32.08089,34.78877
32.08089,34.78873
32.08089,34.78869
32.08089,34.78867
32.0809,34.78868
32.0809,34.78871
32.14325,34.79232
32.14325,34.79232
32.14327,34.79232
32.14327,34.79231
32.14326,34.79232
32.04432,34.8072
32.04433,34.8072
32.04431,34.80719
32.04432,34.8072
32.04433,34.80718
32.11011,34.79079
32.11009,34.79076
32.11008,34.7908
32.11009,34.79078
32.11007,34.79083
32.09616,34.79077
32.09616,34.79077
32.09616,34.79076
32.09616,34.79075
32.09618,34.79075
32.04816,34.79071
32.04817,34.7907
32.04818,34.79069
32.04818,34.79069
32.04818,34.79069
32.0944,34.77475
32.09442,34.77474
32.0944,34.77474
32.09442,34.77473
32.09442,34.77474
32.09442,34.77474
32.09442,34.77474
32.09441,34.77465
32.09276,34.77408
32.09274,34.77394
32.09279,34.77353
32.09279,34.77353
32.09279,34.77353
32.09283,34.77347
32.09309,34.77354
32.0932,34.77358
32.09661,34.77474
32.09662,34.77474
32.09669,34.77479
32.09846,34.781
32.09846,34.781
32.09846,34.78101
32.09847,34.78118
32.09857,34.78271
32.09857,34.78271
32.09858,34.78285
32.09872,34.78582
32.09878,34.7869
32.09878,34.78703
32.09881,34.78757
32.09882,34.78776
32.09883,34.78798
32.09883,34.78805
32.09884,34.78837
32.09978,34.79323
32.09978,34.79323
32.10171,34.80202
32.10171,34.80202
32.10174,34.80212
32.10337,34.80304
32.10344,34.80313
32.10605,34.80462
32.11028,34.80729
32.11042,34.80739
32.11163,34.8075
32.11322,34.80753
32.11318,34.80755
32.11318,34.80755
32.11318,34.80755
32.11318,34.80755
32.11318,34.80755
32.11318,34.80754
32.11318,34.80754
32.11319,34.80755
32.07631,34.76717
32.07631,34.76714
32.07632,34.76714
32.07631,34.76712
32.07634,34.76714
32.07633,34.76711
32.08858,34.79678
32.0885,34.79695
32.08856,34.79704
32.08856,34.79696
32.08857,34.79684
32.11853,34.79187
32.11853,34.7919
32.11853,34.7919
32.11854,34.79192
32.11855,34.79191
32.08667,34.77963
32.08667,34.7796
32.08666,34.7796
32.08664,34.77959
32.08665,34.77959
32.08665,34.77959
32.08665,34.77959
32.08665,34.77959
32.08659,34.77957
32.08613,34.77941
32.08613,34.77941
32.08604,34.77936
32.08594,34.77928
32.08594,34.77916
32.08615,34.77827
32.08617,34.77815
32.08625,34.77792
32.08636,34.77788
32.08658,34.77792
32.08868,34.77839
32.08875,34.77841
32.08874,34.77841
32.08878,34.77851
32.08856,34.77993
32.08856,34.77994
32.08853,34.7801
32.08949,34.7815
32.08949,34.7815
32.08957,34.78151
32.08961,34.78146
32.08962,34.78143
32.08964,34.78135
32.08971,34.781
32.08973,34.78088
32.0898,34.7805
32.08981,34.78049
32.08216,34.78168
32.08218,34.7817
32.08218,34.78169
32.08218,34.78167
32.08217,34.78171
32.04799,34.76483
32.04797,34.76485
32.04797,34.76482
32.04797,34.76483
32.04799,34.76482
32.04798,34.76483
32.04798,34.76483
32.04798,34.76483
32.11982,34.82112
32.11986,34.82111
32.11984,34.82111
32.11983,34.82112
32.11983,34.82113
32.11683,34.81486
32.11684,34.81486
32.11683,34.81485
32.11683,34.81485
32.11682,34.81485
32.11683,34.81485
32.09698,34.80422
32.09698,34.80421
32.09697,34.80421
32.09698,34.80422
32.097,34.80422
32.09698,34.80423
32.09352,34.77875
32.09352,34.77875
32.09352,34.77875
32.09352,34.77875
32.0935,34.77887
32.09331,34.77916
32.09338,34.77925
32.09365,34.77956
32.09368,34.77963
32.09356,34.77985
32.09281,34.78132
32.09277,34.78139
32.09228,34.78134
32.09223,34.78135
32.09206,34.78133
32.0917,34.78239
32.09169,34.78239
32.09161,34.78254
32.09107,34.78283
32.09096,34.78282
32.08888,34.78244
32.08888,34.78244
32.0821,34.7813
32.07997,34.7859
32.07997,34.78591
32.08,34.78586
32.08003,34.78581
32.08004,34.78581
32.08004,34.78581
32.08005,34.78583
32.08005,34.78583
32.08004,34.78582
32.08004,34.78582
32.08005,34.78582
32.08004,34.78583
32.08002,34.78583
32.06329,34.80042
32.0633,34.80042
32.06331,34.80044
32.0633,34.80043
32.06331,34.80043
32.06331,34.80043
32.11237,34.82342
32.11238,34.82346
32.11239,34.82343
32.11238,34.82345
32.11238,34.82344
32.11239,34.82344
32.10937,34.82181
32.10938,34.82181
32.10938,34.82181
32.10938,34.82181
32.10938,34.82181
32.10943,34.82188
32.11154,34.82225
32.11288,34.82047
32.11301,34.82055
32.11334,34.81941
32.11368,34.81706
32.11368,34.81705
32.11369,34.81694
32.10469,34.8109
32.10469,34.8109
32.1039,34.80928
32.10469,34.8109
32.10469,34.8109
32.10207,34.80256
32.0957,34.80143
32.08473,34.79797
32.0773,34.79436
32.0773,34.79436
32.074,34.79272
32.07395,34.7927
32.07386,34.79265
32.07309,34.79264
32.07297,34.79274
32.0729,34.79282
32.07289,34.79283
32.07281,34.79299
32.07057,34.79566
32.07055,34.79485
32.07048,34.79485
32.07048,34.79485
32.07048,34.79486
32.07045,34.79486
32.07046,34.79484
32.07045,34.79483
32.07041,34.79481
32.07039,34.79485
32.11398,34.82411
32.11397,34.82411
32.11398,34.8241
32.11398,34.82412
32.11398,34.82413
32.11399,34.82412
32.10967,34.81275
32.10968,34.81276
32.10967,34.81276
32.10967,34.81275
32.10969,34.81277
32.10969,34.81275
32.05783,34.76429
32.05785,34.76428
32.05785,34.76424
32.05783,34.76425
32.05785,34.76423
32.05784,34.76422
32.11807,34.81845
32.11806,34.81846
32.11805,34.81846
32.11807,34.81845
32.11808,34.81845
32.11807,34.81846
32.06748,34.76889
32.06748,34.7689
32.06749,34.7689
32.06747,34.76891
32.06748,34.76888
32.05718,34.7683
32.05719,34.7683
32.05719,34.76829
32.05716,34.76825
32.05717,34.76826
32.05932,34.80757
32.05934,34.80758
32.05933,34.80758
32.05933,34.80759
32.05936,34.80758
32.05936,34.80759
32.05607,34.78149
32.05605,34.78151
32.05605,34.78152
32.05605,34.78153
32.05608,34.78155
32.11622,34.79456
32.11623,34.79454
32.11621,34.79452
32.11621,34.79452
32.11621,34.79452
32.11621,34.79452
32.11621,34.79452
32.11621,34.79452
32.11618,34.79458
32.11617,34.79465
32.11598,34.79476
32.11454,34.79482
32.11451,34.79512
32.1145,34.79524
32.11377,34.79591
32.11377,34.79592
32.11377,34.79592
32.11359,34.79589
32.11287,34.7944
32.11285,34.79427
32.11302,34.79274
32.12239,34.79446
32.1224,34.79446
32.12256,34.79448
32.1287,34.79565
32.13146,34.79628
32.1287,34.79565
32.14029,34.80127
32.1404,34.80136
32.14043,34.80225
32.1404,34.80237
32.13865,34.81558
32.13447,34.83281
32.13447,34.83282
32.13437,34.83297
32.13395,34.83372
32.13391,34.83386
32.13744,34.83502
32.13754,34.8379
32.13748,34.83815
32.1372,34.83985
32.13718,34.83998
32.13704,34.84082
32.13702,34.84099
32.13684,34.84227
32.13294,34.84331
32.13294,34.84331
32.13288,34.84343
32.13122,34.84548
32.13117,34.84559
32.13013,34.84789
32.1297,34.85138
32.12974,34.85155
32.0808,34.7887
32.08083,34.7887
32.08085,34.7887
32.08084,34.78869
32.08082,34.78869
32.06536,34.77698
32.06568,34.77597
32.06572,34.776
32.06572,34.776
32.06572,34.776
32.06572,34.776
32.06572,34.77599
32.06572,34.776
32.06572,34.77599
32.06573,34.77599
32.06575,34.77601
32.06575,34.776
32.06575,34.77599
32.14325,34.79231
32.14325,34.79232
32.14327,34.79234
32.14326,34.79234
32.14325,34.79233
32.09342,34.78501
32.09342,34.785
32.09342,34.785
32.09342,34.785
32.09342,34.785
32.09342,34.785
32.09342,34.785
32.09337,34.78506
32.09116,34.78657
32.09116,34.78658
32.09105,34.78659
32.09091,34.78692
32.09091,34.78702
32.09091,34.78711
32.09094,34.79028
32.09094,34.79034
32.09093,34.79034
32.09089,34.79043
32.08994,34.79038
32.08446,34.78925
32.08437,34.78923
32.08071,34.78871
32.08076,34.78872
32.08078,34.78872
32.08082,34.78874
32.08086,34.78873
32.08086,34.78873
32.08087,34.78874
32.08087,34.78874
32.0809,34.78873
32.08091,34.78873
32.08092,34.78874
32.08094,34.78873
32.08095,34.78869
32.11395,34.81885
32.11396,34.81886
32.11395,34.81887
32.11394,34.81887
32.11395,34.81886
32.11481,34.82865
32.11481,34.82864
32.11482,34.82865
32.11482,34.82865
32.11482,34.82866
32.04664,34.75976
32.04665,34.75977
32.04664,34.75975
32.04664,34.75975
32.04662,34.75972
32.05641,34.79603
32.05638,34.79602
32.05639,34.79602
32.05638,34.79602
32.05638,34.79602
32.05639,34.79602
32.05639,34.79602
32.05637,34.79611
32.05636,34.79777
32.05635,34.79801
32.05635,34.79801
32.05634,34.79806
32.05633,34.7982
32.05632,34.79896
32.05631,34.79914
32.05632,34.79926
32.05638,34.79932
32.05648,34.79874
32.05662,34.79509
32.05662,34.79509
32.05663,34.79496
32.05666,34.79318
32.05666,34.79308
32.05667,34.79295
32.05667,34.79278
32.05668,34.79219
32.05668,34.79219
32.05668,34.79219
32.05668,34.79209
32.05582,34.79178
32.05411,34.79116
32.0541,34.79104
32.05426,34.78899
32.05426,34.78898
32.05427,34.78891
32.05539,34.78306
32.05544,34.78299
32.05552,34.78284
32.0574,34.7798
32.05756,34.77973
32.05756,34.77973
32.05775,34.77965
32.06046,34.77724
32.06053,34.77715
32.0606,34.77709
32.06067,34.77628
32.06067,34.77627
32.06067,34.77615
32.06223,34.77445
32.06215,34.77422
32.06212,34.77403
32.06209,34.77396
32.06205,34.77383
32.06235,34.77342
32.06235,34.77342
32.06235,34.77342
32.06247,34.77338
32.06465,34.77404
32.06468,34.77415
32.06478,34.77452
32.06534,34.77566
32.06544,34.77575
32.06827,34.7772
32.06827,34.7772
32.06844,34.77725
32.07022,34.77782
32.07175,34.77764
32.07177,34.77771
32.07177,34.77771
32.07178,34.77772
32.07897,34.77321
32.07897,34.77324
32.07897,34.77323
32.07897,34.7732
32.07898,34.77323
32.12737,34.80145
32.12739,34.8014
32.1274,34.8014
32.12739,34.80141
32.12739,34.80143
32.05162,34.809
32.05165,34.809
32.05165,34.80901
32.05164,34.809
32.05166,34.809
32.09685,34.79724
32.09686,34.79728
32.09688,34.79727
32.09688,34.79725
32.09688,34.79723
32.09503,34.77805
32.09503,34.77806
32.09502,34.77806
32.09504,34.77808
32.09503,34.77807
32.12578,34.79853
32.1258,34.79856
32.1258,34.79853
32.1258,34.79853
32.12581,34.79852
32.12271,34.80118
32.12273,34.80118
32.12273,34.80118
32.12273,34.80118
32.12273,34.80118
32.12286,34.80117
32.12289,34.80116
32.12295,34.80106
32.1248,34.80159
32.12463,34.80261
32.12455,34.80268
32.12247,34.8024
32.12237,34.80239
32.12231,34.80238
32.11928,34.80974
32.11837,34.81799
32.11837,34.81799
32.11411,34.81686
32.11411,34.81686
32.11401,34.81684
32.11354,34.81819
32.11353,34.81837
32.11349,34.81854
32.11569,34.81925
32.1157,34.81925
32.1157,34.81925
32.1157,34.81925
32.1157,34.81925
32.1157,34.81925
32.11571,34.81927
32.11571,34.81927
32.11571,34.81927
32.1157,34.81927
32.05361,34.75709
32.05358,34.75709
32.05357,34.75706
32.05359,34.75706
32.05361,34.75705
32.05358,34.75706
32.07996,34.76874
32.07996,34.76875
32.07997,34.76879
32.07996,34.76877
32.07996,34.76876
32.05846,34.7931
32.05847,34.7931
32.05848,34.79311
32.05848,34.79309
32.05848,34.79308
32.05844,34.79307
32.11772,34.82302
32.11774,34.82302
32.11765,34.82301
32.11765,34.82301
32.11766,34.82301
32.11766,34.82301
32.11763,34.82296
32.11703,34.8248
32.11749,34.82205
32.11706,34.82171
32.11708,34.82158
32.11812,34.81909
32.11819,34.81892
32.11837,34.81828
32.11444,34.81683
32.1144,34.81682
32.1144,34.81682
32.11432,34.81681
32.10821,34.81505
32.1082,34.81504
32.1081,34.81497
32.10557,34.81232
32.10304,34.80709
32.103,34.80697
32.10232,34.80443
32.10018,34.80239
32.10018,34.80239
32.09957,34.80226
32.09941,34.80223
32.09788,34.80192
32.09776,34.80189
32.09749,34.80183
32.09262,34.8007
32.08874,34.79966
32.0863,34.7986
32.08617,34.79854
32.08392,34.79778
32.08392,34.79778
32.07743,34.79453
32.07402,34.79281
32.07397,34.79278
32.07385,34.79274
32.07317,34.79263
32.07297,34.79274
32.07257,34.79379
32.07123,34.79593
32.0716,34.79609
32.0717,34.79613
32.07039,34.79559
32.07039,34.79559
32.06961,34.79529
32.06962,34.79534
32.06963,34.79536
32.06962,34.79536
32.06962,34.79536
32.06962,34.79536
32.0696,34.79537
32.06957,34.7954
32.06956,34.79541
32.06956,34.7954
32.05354,34.76272
32.05352,34.7627
32.0535,34.76273
32.0535,34.76277
32.0535,34.76274
32.0869,34.78127
32.08693,34.78125
32.08695,34.78136
32.08701,34.78131
32.08697,34.78124
32.08694,34.78126
32.11448,34.79192
32.11449,34.79192
32.11448,34.7919
32.11448,34.79185
32.11453,34.79188
32.1145,34.79186
32.09386,34.78382
32.09386,34.78383
32.09387,34.78384
32.09389,34.78383
32.0939,34.78384
32.11785,34.78718
32.11785,34.78718
32.11786,34.78718
32.11786,34.78719
32.11785,34.78718
32.11785,34.78718
32.11785,34.78718
32.11785,34.78718
32.11802,34.78728
32.11658,34.78523
32.11013,34.78499
32.11033,34.78857
32.10932,34.78626
32.10991,34.78504
32.11034,34.78855
32.11029,34.78873
32.10977,34.7889
32.10338,34.78873
32.10337,34.78873
32.10337,34.78873
32.10327,34.78876
32.10203,34.78198
32.09926,34.78281
32.09916,34.78287
32.09808,34.78321
32.05315,34.78663
32.05315,34.78663
32.05314,34.78666
32.05313,34.78664
32.05311,34.78665
32.05311,34.78665
32.05311,34.78664
32.05311,34.78664
32.05317,34.78661
32.05396,34.7864
32.05396,34.7864
32.05402,34.78641
32.05543,34.78282
32.05546,34.78275
32.05548,34.7827
32.05458,34.78227
32.05378,34.78194
32.11655,34.78783
32.11652,34.7878
32.11647,34.78775
32.11647,34.78777
32.11646,34.78775
32.03275,34.8016
32.03289,34.8014
32.03294,34.80132
32.03532,34.79802
32.03824,34.79394
32.04188,34.79032
32.04196,34.79028
32.04898,34.78602
32.05495,34.78543
32.06053,34.787
32.06822,34.79293
32.06839,34.79299
32.0717,34.79376
32.07193,34.7938
32.07285,34.79363
32.07285,34.79362
32.0729,34.79351
32.0731,34.79296
32.07321,34.79272
32.07357,34.79151
32.07352,34.78529
32.07352,34.78515
32.07354,34.78501
32.07444,34.78474
32.07445,34.78474
32.07447,34.78473
32.07465,34.78471
32.07537,34.78453
32.07538,34.78453
32.0755,34.78448
32.07573,34.78395
32.07573,34.78391
32.07573,34.78391
32.07573,34.7839
32.07568,34.78383
32.07567,34.78379
32.07564,34.78364
32.07563,34.78359
32.07374,34.78362
32.07364,34.78362
32.07253,34.78335
32.07243,34.78328
32.07106,34.78199
32.07243,34.78328
32.07253,34.78335
32.07155,34.78246
32.0713,34.78217
32.07173,34.78264
32.0712,34.7821
32.07089,34.78183
32.07013,34.78131
32.06999,34.78121
32.06619,34.77892
32.06383,34.77654
32.06367,34.77653
32.06256,34.77573
32.06153,34.77261
32.06153,34.7726
32.06153,34.7726
32.06148,34.77255
32.05953,34.76717
32.05744,34.76714
32.05749,34.76712
32.05761,34.76709
32.05768,34.7671
32.0577,34.76716
32.0577,34.76716
32.0577,34.76716
32.05771,34.76718
32.05771,34.76719
32.05771,34.76719
32.05771,34.7672
32.05774,34.76721
32.05774,34.76721
32.05774,34.76721
32.05774,34.76721
32.05772,34.76715
32.05504,34.76696
32.05502,34.76709
32.11122,34.78747
32.1112,34.78747
32.11119,34.78745
32.11117,34.78743
32.11119,34.78746
32.11119,34.78749
32.08927,34.78653
32.08928,34.78652
32.08928,34.78652
32.0893,34.78651
32.08931,34.78652
32.08931,34.78649
32.1212,34.80733
32.1212,34.80732
32.12121,34.80733
32.1212,34.80732
32.1212,34.80733
32.09855,34.78266
32.09855,34.78266
32.09855,34.78266
32.09855,34.78275
32.09885,34.78886
32.10855,34.79207
32.11219,34.79254
32.11228,34.79255
32.11243,34.79259
32.12087,34.79421
32.12102,34.79424
32.12225,34.79708
32.12225,34.79709
32.12223,34.79718
32.12482,34.80059
32.12473,34.80189
32.12471,34.80197
32.12471,34.80197
32.12471,34.80197
32.12473,34.80197
32.12472,34.80197
32.12472,34.80198
32.12471,34.80198
32.12472,34.80202
32.1247,34.80198
32.1247,34.80197
32.05841,34.77579
32.0584,34.77577
32.05838,34.77579
32.05838,34.77579
32.05838,34.77579
32.05838,34.77579
32.05838,34.77579
32.05836,34.77588
32.05822,34.77626
32.05818,34.77637
32.05803,34.77676
32.05802,34.77677
32.05794,34.77698
32.05853,34.77757
32.05863,34.77764
32.05874,34.77771
32.06162,34.78012
32.06169,34.78018
32.05921,34.78364
32.05919,34.78525
32.05921,34.78533
32.05922,34.78533
32.05923,34.78545
32.05925,34.78573
32.05926,34.78588
32.06111,34.78728
32.06616,34.79185
32.07706,34.79511
32.07718,34.79521
32.0868,34.80002
32.09494,34.80208
32.10206,34.80513
32.10211,34.80512
32.10212,34.80512
32.10212,34.80512
32.10227,34.80509
32.10196,34.80292
32.10199,34.80286
32.10327,34.80298
32.10327,34.80298
32.10333,34.80304
32.10603,34.80458
32.10645,34.80472
32.10656,34.80476
32.10725,34.80111
32.11144,34.80168
32.11145,34.80169
32.11145,34.80169
32.11145,34.80169
32.11145,34.80169
32.11145,34.80168
32.11147,34.80168
32.11148,34.80168
32.11149,34.80169
32.11149,34.80169
32.11771,34.84
32.11771,34.83999
32.1177,34.84
32.1177,34.83999
32.11771,34.84
32.12218,34.81434
32.12218,34.81435
32.12217,34.81435
32.12217,34.81433
32.12218,34.81435
32.12218,34.81435
32.10793,34.81808
32.10792,34.81807
32.10791,34.81805
32.10791,34.81805
32.10791,34.81805
32.10791,34.81805
32.10791,34.81805
32.10785,34.8181
32.10766,34.81849
32.10769,34.81861
32.10919,34.81918
32.11022,34.81794
32.11032,34.81774
32.11077,34.81698
32.11079,34.81694
32.11087,34.8168
32.11099,34.81575
32.1129,34.81503
32.11291,34.81503
32.11291,34.81503
32.11291,34.81503
32.11291,34.81503
32.11304,34.81499
32.11329,34.81496
32.11341,34.81495
32.11367,34.81495
32.11374,34.8148
32.11278,34.8121
32.11052,34.81241
32.11032,34.81253
32.11032,34.81253
32.11034,34.8125
32.11034,34.81247
32.11034,34.81247
32.11034,34.81247
32.11034,34.81247
32.11035,34.81247
32.11035,34.81247
32.11035,34.81247
32.11035,34.81247
32.11023,34.81256
32.10915,34.81359
32.10896,34.8138
32.11681,34.81486
32.11683,34.81486
32.11683,34.81487
32.11681,34.81485
32.11683,34.81485
32.04098,34.75568
32.041,34.75571
32.041,34.75569
32.041,34.7557
32.041,34.7557
32.04012,34.7723
32.04011,34.77229
32.04012,34.7723
32.04011,34.7723
32.04012,34.7723
32.04013,34.77229
32.08662,34.77967
32.08662,34.77967
32.0866,34.77965
32.0866,34.77965
32.0866,34.77965
32.0866,34.77965
32.08654,34.77963
32.08613,34.78094
32.08622,34.78105
32.08655,34.78114
32.08666,34.78119
32.08689,34.7813
32.08689,34.7813
32.08689,34.7813
32.08719,34.78135
32.08816,34.78215
32.08816,34.78216
32.08816,34.78231
32.08738,34.786
32.08738,34.78601
32.08738,34.78601
32.0874,34.78619
32.08566,34.78929
32.08626,34.7921
32.08623,34.79222
32.08599,34.79364
32.08522,34.79641
32.08521,34.79641
32.08521,34.79641
32.08525,34.79649
32.08561,34.79612
32.08569,34.79566
32.08577,34.7955
32.08652,34.79544
32.08652,34.79544
32.09083,34.79741
32.09078,34.79756
32.09061,34.79826
32.09061,34.79826
32.09057,34.79844
32.08973,34.80089
32.08972,34.80094
32.08975,34.801
32.0911,34.797
32.08841,34.79008
32.08834,34.79006
32.08482,34.78672
32.08456,34.78656
32.08449,34.78653
32.08493,34.78378
32.085,34.78346
32.08518,34.78262
32.08518,34.7826
32.08521,34.78246
32.08688,34.78127
32.08688,34.78129
32.08688,34.78129
32.08688,34.78129
32.08692,34.78128
32.0869,34.78127
32.0869,34.78128
32.11186,34.8151
32.11185,34.81511
32.11187,34.8151
32.11185,34.81512
32.11187,34.81509
32.10568,34.79077
32.10569,34.7908
32.1057,34.79081
32.10569,34.7908
32.10569,34.79079
32.10567,34.79075
32.1179,34.79688
32.11791,34.79688
32.11793,34.79688
32.11791,34.79686
32.1179,34.79689
32.11791,34.7969
32.10974,34.82743
32.10976,34.82745
32.10975,34.82746
32.10975,34.82745
32.10976,34.82745
32.08155,34.77629
32.08156,34.77629
32.08154,34.77631
32.08152,34.77631
32.08154,34.77633
32.08154,34.77633
32.08154,34.77633
32.08154,34.77633
32.08165,34.77638
32.08262,34.77771
32.08262,34.77771
32.08255,34.77785
32.08009,34.77988
32.08009,34.77988
32.07994,34.7799
32.07867,34.77994
32.07867,34.77994
32.0779,34.77994
32.07789,34.77995
32.07765,34.77995
32.07469,34.77985
32.07457,34.77984
32.07426,34.77979
32.11807,34.81845
32.11808,34.81847
32.11806,34.81846
32.11806,34.81846
32.11807,34.81847
32.11808,34.81846
32.07858,34.79804
32.0786,34.79805
32.07859,34.79804
32.07859,34.79807
32.07859,34.79807
32.07859,34.79807
32.07859,34.79807
32.07862,34.7981
32.07912,34.79875
32.0792,34.79881
32.08008,34.79818
32.0801,34.79816
32.08014,34.79809
32.08093,34.79697
32.08088,34.79681
32.08085,34.79676
32.08036,34.79586
32.08032,34.79576
32.08187,34.79599
32.09029,34.79551
32.09029,34.79551
32.09065,34.79545
32.09078,34.79543
32.09446,34.79456
32.09568,34.79516
32.09569,34.79515
32.09569,34.79515
32.09569,34.79515
32.09569,34.79516
32.0957,34.79515
32.0957,34.79515
32.0957,34.79515
32.0957,34.79515
32.05851,34.80028
32.05852,34.8003
32.05852,34.80032
32.05851,34.80032
32.05852,34.8003
32.09328,34.80003
32.09327,34.80006
32.09326,34.80006
32.09328,34.80008
32.09329,34.80008
32.09329,34.80009
32.0478,34.75036
32.04781,34.75035
32.04781,34.75035
32.0478,34.75037
32.04781,34.75038
32.04782,34.7504
32.11947,34.79119
32.11947,34.79118
32.11945,34.79119
32.11946,34.7912
32.11947,34.79119
32.10491,34.78922
32.10489,34.78922
32.10488,34.78921
32.10489,34.78921
32.10488,34.7892
32.10489,34.7892
32.08149,34.77633
32.08149,34.77633
32.08149,34.77633
32.08149,34.77633
32.08149,34.77633
32.08149,34.77633
32.08163,34.77638
32.08301,34.7768
32.08307,34.77686
32.0827,34.77761
32.08269,34.77761
32.08261,34.77775
32.08267,34.77857
32.08269,34.77865
32.08273,34.77895
32.08273,34.77895
32.08278,34.77921
32.08309,34.78093
32.08309,34.78093
32.08309,34.78093
32.08311,34.78106
32.08499,34.78179
32.085,34.78178
32.08508,34.7818
32.08767,34.78228
32.08787,34.78232
32.08963,34.78266
32.09063,34.7829
32.09083,34.78294
32.0951,34.78372
32.09894,34.7892
32.09894,34.7892
32.10117,34.79978
32.10669,34.81386
32.10742,34.8146
32.10752,34.8147
32.11026,34.81643
32.11061,34.81654
32.11074,34.81657
32.11353,34.81777
32.11353,34.81779
32.11352,34.81785
32.11351,34.81805
32.11402,34.81878
32.11403,34.81878
32.11403,34.81878
32.11403,34.81878
32.11403,34.81879
32.11403,34.81879
32.11403,34.81879
32.11404,34.81879
32.11405,34.8188
32.12721,34.83543
32.12722,34.83542
32.12723,34.83544
32.12722,34.83544
32.12723,34.83543
32.09811,34.7978
32.09812,34.79779
32.09812,34.7978
32.09814,34.79779
32.09813,34.79781
32.08491,34.79668
32.08491,34.79667
32.08493,34.79667
32.08491,34.79667
32.0849,34.79667
32.11731,34.79431
32.11731,34.79431
32.1173,34.79434
32.11729,34.79434
32.11729,34.79439
32.11729,34.79439
32.11729,34.79439
32.11729,34.79439
32.11729,34.79439
32.11729,34.79439
32.11729,34.79439
32.11718,34.79436
32.11662,34.79419
32.11615,34.79467
32.1161,34.79478
32.11438,34.7959
32.11321,34.79587
32.1131,34.79586
32.11298,34.79724
32.11298,34.79725
32.11298,34.79725
32.11296,34.79739
32.10989,34.7983
32.10771,34.79824
32.10764,34.79822
32.10762,34.79821
32.10753,34.79818
32.10747,34.79816
32.1074,34.79813
32.10728,34.79808
32.1065,34.79752
32.1064,34.79741
32.10451,34.79454
32.10327,34.79447
32.10319,34.79442
32.10281,34.79305
32.10281,34.79304
32.10281,34.79304
32.10276,34.79287
32.10079,34.79318
32.10078,34.79318
32.09814,34.79783
32.09812,34.79782
32.09812,34.7978
32.09814,34.79781
32.09812,34.79781
32.09812,34.79781
32.09812,34.79781
32.09812,34.79781
32.09812,34.79781
32.09804,34.7977
32.0972,34.79516
32.09576,34.78827
32.09505,34.77996
32.09522,34.77891
32.09527,34.77875
32.09486,34.77684
32.09485,34.77677
32.09484,34.77673
32.09484,34.77673
32.09574,34.77622
32.09582,34.77619
32.09627,34.77607
32.11618,34.81555
32.11615,34.81556
32.11616,34.81556
32.11618,34.81556
32.11618,34.81556
32.11618,34.81556
32.11618,34.81556
32.11618,34.81556
32.11615,34.81565
32.11547,34.81696
32.1154,34.81697
32.11385,34.81671
32.11385,34.81671
32.11365,34.81669
32.10817,34.81506
32.10332,34.80778
32.1033,34.80771
32.10326,34.80762
32.10306,34.80283
32.10311,34.80289
32.09737,34.80176
32.08917,34.79899
32.08917,34.79898
32.08913,34.79879
32.08587,34.79778
32.08575,34.79774
32.08513,34.79814
32.08493,34.7992
32.08492,34.79928
32.0843,34.79976
32.0843,34.79976
32.0843,34.79976
32.08413,34.79965
32.08136,34.79999
32.08136,34.79999
32.08128,34.79998
32.07966,34.79897
32.07966,34.79897
32.07949,34.79887
32.07801,34.79821
32.07861,34.79799
32.07864,34.79805
32.07864,34.79805
32.07865,34.79808
32.07865,34.79808
32.07865,34.79808
32.07865,34.79808
32.07701,34.78936
32.07701,34.78934
32.07702,34.78933
32.07702,34.78936
32.07702,34.78936
32.12493,34.80131
32.12493,34.80132
32.12493,34.80132
32.12493,34.80133
32.12493,34.80133
32.12491,34.80118
32.12218,34.80233
32.12183,34.80224
32.12176,34.80223
32.11504,34.80131
32.11504,34.80131
32.11303,34.80144
32.11459,34.80133
32.11432,34.80136
32.11371,34.8014
32.1136,34.8014
32.11199,34.80151
32.11088,34.80157
32.11076,34.80158
32.10672,34.80078
32.10672,34.80078
32.10672,34.80078
32.10663,34.80075
32.10637,34.80223
32.10719,34.80239
32.10719,34.80239
32.10719,34.80239
32.10719,34.80239
32.10719,34.80239
32.1072,34.80239
32.1072,34.80239
32.1072,34.80239
32.1072,34.80239
32.1072,34.80239
32.10721,34.80239
32.10721,34.80239
32.10715,34.80231
32.1067,34.80441
32.10434,34.80346
32.1067,34.80441
32.1067,34.80441
32.10667,34.80448
32.10665,34.80452
32.10623,34.8046
32.10435,34.80346
32.10424,34.80344
32.10421,34.80344
32.10219,34.80454
32.10223,34.80474
32.10238,34.80541
32.10744,34.81464
32.10744,34.81464
32.10745,34.81464
32.10765,34.81482
32.11054,34.81652
32.11056,34.81653
32.11065,34.81656
32.11373,34.81878
32.11406,34.81881
32.11403,34.81879
32.11403,34.81879
32.11403,34.81879
32.11403,34.81878
32.11402,34.8188
32.11402,34.8188
32.08836,34.78558
32.08836,34.78559
32.08834,34.78558
32.08835,34.78559
32.08836,34.78562
32.04193,34.7795
32.04193,34.7795
32.04193,34.77947
32.04193,34.77948
32.04193,34.77949
32.14325,34.79233
32.14327,34.79232
32.14325,34.79234
32.14326,34.79234
32.14323,34.79234
32.11066,34.81482
32.11063,34.81479
32.11063,34.8148
32.11065,34.81484
32.11066,34.81483
32.11846,34.78728
32.11845,34.7873
32.11846,34.78729
32.11845,34.78727
32.11844,34.78724
32.05353,34.75509
32.05353,34.7551
32.05352,34.75509
32.05352,34.75509
32.05353,34.75509
32.10922,34.81921
32.10921,34.8192
32.10922,34.81922
32.10923,34.81921
32.10922,34.81921
32.1253,34.8279
32.12528,34.82789
32.12528,34.8279
32.12528,34.8279
32.12529,34.8279
32.07617,34.77321
32.07617,34.77323
32.07618,34.77324
32.07618,34.77324
32.07619,34.77323
32.07619,34.77323
32.07612,34.77315
32.07563,34.77257
32.07548,34.77256
32.07506,34.77341
32.07376,34.77256
32.07368,34.77246
32.07358,34.77235
32.0735,34.77224
32.07261,34.77149
32.07149,34.77096
32.0714,34.77091
32.0714,34.77091
32.0714,34.77092
32.07142,34.77093
32.07142,34.77094
32.07142,34.77094
32.07141,34.77094
32.07141,34.77094
32.07141,34.77094
32.07141,34.77094
32.07137,34.77086
32.07087,34.77017
32.07086,34.77006
32.07136,34.76975
32.07285,34.76855
32.073,34.76849
32.07736,34.76838
32.08455,34.77228
32.08455,34.77228
32.08465,34.77233
32.08706,34.77313
32.08725,34.77318
32.09153,34.77447
32.09163,34.7745
32.09215,34.77468
32.09223,34.7747
32.09233,34.77597
32.09233,34.77598
32.09232,34.77608
32.09221,34.77755
32.09218,34.77777
32.09206,34.77906
32.09206,34.77907
32.09206,34.77915
32.09205,34.77926
32.09204,34.7794
32.09195,34.78026
32.09191,34.78037
32.09162,34.78264
32.09162,34.78265
32.09162,34.78265
32.09162,34.78283
32.09262,34.78321
32.09273,34.78324
32.09373,34.78705
32.09372,34.78721
32.09374,34.78836
32.09491,34.7905
32.09504,34.79053
32.07375,34.79875
32.07373,34.79877
32.07376,34.79875
32.07378,34.79875
32.07374,34.79875
32.09302,34.79133
32.093,34.79133
32.09302,34.79134
32.09304,34.79134
32.09304,34.79134
32.11417,34.81983
32.11417,34.81983
32.11417,34.81983
32.11416,34.81984
32.11415,34.81983
32.12395,34.79169
32.12395,34.79167
32.12396,34.79168
32.12397,34.79169
32.12398,34.79168
32.10678,34.82129
32.10677,34.82126
32.10677,34.82129
32.10677,34.82129
32.10678,34.82128
32.12317,34.82012
32.12315,34.82012
32.1231,34.8201
32.1231,34.82011
32.12311,34.82012
32.12583,34.79988
32.12582,34.79989
32.12583,34.79989
32.12585,34.79989
32.12586,34.79988
32.0406,34.75543
32.0406,34.75545
32.04058,34.75544
32.04059,34.75544
32.0406,34.75546
32.11754,34.78899
32.11754,34.78904
32.11753,34.78906
32.11754,34.78902
32.11756,34.78902
32.11755,34.78902
32.12848,34.79255
32.12848,34.79253
32.12847,34.79252
32.12847,34.79252
32.12849,34.79254
32.12849,34.79251
32.04717,34.77586
32.04717,34.77584
32.04716,34.77585
32.04717,34.77587
32.04717,34.77584
32.09008,34.78317
32.09009,34.78316
32.09008,34.78313
32.09008,34.78309
32.09008,34.78309
32.09008,34.78309
32.09008,34.78309
32.09007,34.78318
32.08817,34.78318
32.08813,34.78318
32.08807,34.78317
32.08817,34.78256
32.08817,34.78256
32.08822,34.78251
32.09078,34.78295
32.09086,34.78296
32.09105,34.783
32.09882,34.78776
32.09883,34.78798
32.1013,34.80035
32.10674,34.81395
32.10758,34.81478
32.10769,34.81488
32.10784,34.815
32.11414,34.81887
32.11419,34.81889
32.11392,34.81878
32.11391,34.81878
32.11391,34.81878
32.11391,34.81878
32.11391,34.81877
32.1139,34.81877
32.1139,34.81878
32.07915,34.78329
32.07917,34.78331
32.07918,34.78328
32.07919,34.78325
32.07919,34.78324
32.07919,34.78329
32.14325,34.79232
32.14325,34.79233
32.14327,34.79232
32.14326,34.79233
32.14325,34.79233
32.08366,34.7856
32.08365,34.78557
32.08365,34.78558
32.08368,34.78559
32.08368,34.78558
32.05496,34.78413
32.05498,34.78405
32.05497,34.784
32.05497,34.784
32.05493,34.78398
32.05493,34.78398
32.04525,34.81216
32.04525,34.81216
32.04522,34.81215
32.04519,34.81215
32.04518,34.81216
32.04511,34.7676
32.0451,34.76761
32.0451,34.7676
32.0451,34.7676
32.04509,34.76759
32.11318,34.79599
32.11319,34.79599
32.1132,34.79597
32.11318,34.79599
32.11318,34.79599
32.11401,34.82099
32.11401,34.82098
32.11402,34.82098
32.11401,34.82099
32.11402,34.82097
32.10439,34.78108
32.10439,34.78108
32.10439,34.78107
32.1044,34.78109
32.1044,34.78108
32.1228,34.80132
32.1228,34.80133
32.12282,34.80132
32.12283,34.80133
32.12283,34.80133
32.0591,34.76768
32.05915,34.76767
32.05912,34.76766
32.05909,34.76769
32.05908,34.76767
32.11809,34.79563
32.11808,34.79563
32.1181,34.79563
32.1181,34.79563
32.1181,34.79563
32.1181,34.79563
32.1181,34.79563
32.1181,34.79562
32.1181,34.79553
32.11813,34.79533
32.11802,34.79523
32.1147,34.79452
32.11268,34.7928
32.11268,34.7928
32.11264,34.79261
32.10588,34.79213
32.09132,34.79517
32.09132,34.79517
32.08592,34.79524
32.08579,34.7953
32.08505,34.79643
32.08505,34.79644
32.08497,34.79643
32.08492,34.79665
32.08492,34.79665
32.08492,34.79665
32.08491,34.79666
32.08489,34.79666
32.08487,34.79665
32.08487,34.79666
32.0849,34.79665
32.07001,34.76374
32.07003,34.76376
32.06999,34.76372
32.06998,34.76372
32.07,34.76374
32.0948,34.79727
32.09479,34.79728
32.09474,34.79732
32.09476,34.79729
32.09482,34.79728
32.12529,34.82789
32.11417,34.81983
32.08836,34.78558
32.11065,34.81481
32.11807,34.79563
32.07002,34.76376
32.09504,34.77806
32.08866,34.79679
32.11851,34.79181
32.08217,34.78168
32.04797,34.76484
32.11656,34.78782
32.01909,34.82047
32.02656,34.81019
32.02657,34.81018
32.02662,34.81011
32.02821,34.80793
32.03055,34.80466
32.03059,34.8046
32.03093,34.80413
32.03099,34.80405
32.1212,34.80733
32.08221,34.77126
32.08221,34.77126
32.08221,34.77126
32.08221,34.77126
32.0822,34.77113
32.08217,34.77111
32.08231,34.77119
32.08447,34.77228
32.08449,34.77228
32.08461,34.77235
32.08959,34.77389
32.09664,34.77602
32.11772,34.84
32.10793,34.81807
32.11682,34.81486
32.04098,34.75569
32.11187,34.81511
32.10568,34.79076
32.10976,34.82744
32.11809,34.81846
32.06747,34.7689
32.05717,34.76831
32.05606,34.78148
32.1162,34.79455
32.08076,34.78869
32.08308,34.78072
32.08308,34.78072
32.08308,34.78079
32.08307,34.78113
32.08303,34.78118
32.08187,34.78126
32.08187,34.78126
32.08179,34.78125
32.07759,34.78128
32.0741,34.78172
32.07402,34.78173
32.07207,34.78181
32.06557,34.77838
32.06551,34.77832
32.06535,34.77708
32.14325,34.7923
32.11394,34.81887
32.12585,34.79987
32.0406,34.75543
32.0406,34.75543
32.04716,34.77586
32.09008,34.78316
32.14324,34.79233
32.0837,34.78552
32.05361,34.75709
32.07993,34.76874
32.05356,34.76269
32.09383,34.78383
32.05313,34.78665
32.05598,34.81042
32.05598,34.81042
32.05597,34.81042
32.05598,34.81042
32.11334,34.82441
32.12553,34.80826
32.07631,34.76728
32.07622,34.76785
32.07621,34.76789
32.07626,34.76806
32.07737,34.76838
32.07743,34.76842
32.07941,34.76947
32.08462,34.77229
32.08476,34.77236
32.0849,34.77242
32.08695,34.77305
32.12554,34.80826
32.07858,34.79804
32.05851,34.80029
32.11945,34.79118
32.12723,34.83545
32.09812,34.79781
32.0849,34.79665